<script>
function sum()
{
 //alert(arguments.length);  arguments是一个数组，存了所有的参数
 //alert(arguments[1]);
 var result=0;
 for(i=0;i<arguments.length;i++)//循环arguments
 {
	 result+=arguments[i]//每次把arguments里的一个东西和相加到result里面
 }
 return result;
}
alert(sum(12,3,5,5,4,2,1,2,45,64,96,7,5,12,1,32,12,1,854,2,1,2,45,64,96,7,5,12,1,32,12,1,854,2,1,2,45,64,96,7,5,12,1,32,12,1,854,2,1,2,45,64,96,7,5,12,1,32,12,1,854,2,1,2,45,64,96,7,5,12,1,32,12,1,854,2,1,2,45,64,96,7,5,12,1,32,12,1,854,2,1,2,45,64,96,7,5,12,1,32,12,1,854,2,1,2,45,64,96,7,5,12,1,32,12,1,854,2,1,2,45,64,96,7,5,12,1,32,12,1,854))
</script>

arguments 求和